-4.23498 -5.03165 4.78373
-4.39819 -5.18734 4.88463
-4.57204 -5.34735 4.98229
-4.75697 -5.51093 5.07586
-4.95337 -5.67717 5.16436
-5.16154 -5.84502 5.24662
-5.38169 -6.01322 5.3213
-5.61389 -6.18032 5.3869
-5.85801 -6.34462 5.4417
-6.11372 -6.50417 5.48379
-6.3804 -6.65677 5.51109
-6.65711 -6.7999 5.52132
-6.94253 -6.9308 5.51208
-7.23493 -7.04642 5.48085
-7.53209 -7.14348 5.42507
-7.83129 -7.2185 5.34223
-8.12929 -7.2679 5.22997
-8.42236 -7.28809 5.08615
-8.70626 -7.27559 4.90908
-8.97639 -7.22718 4.69759
-9.22788 -7.14011 4.45119
-9.45572 -7.01223 4.17024
-9.65505 -6.84219 3.85604
-9.82127 -6.6296 3.51085
-9.95042 -6.37514 3.13795
-10.0393 -6.08062 2.74156
-10.0857 -5.74895 2.32667
-10.0887 -5.38407 1.89886
-10.0485 -4.99077 1.46406
-9.96661 -4.5745 1.02824
-9.84565 -4.14108 0.597114
-9.68929 -3.69644 0.175929
-9.50198 -3.24635 -0.230791
-9.2887 -2.79622 -0.619372
-9.05471 -2.35088 -0.987068
-8.80532 -1.91452 -1.33207
-8.54569 -1.49059 -1.65343
-8.28063 -1.08179 -1.95102
-8.01452 -0.69014 -2.22534
-7.75119 -0.317024 -2.47742
-7.49392 0.0367363 -2.70868
-7.24542 0.370777 -2.92078
-7.00786 0.685107 -3.11556
-6.78288 0.980028 -3.29486
-6.5717 1.25605 -3.46055
-6.37509 1.51385 -3.61439
-6.1935 1.75418 -3.75805
-6.02706 1.97786 -3.89304
-5.87566 2.18572 -4.02075
-5.73898 2.37861 -4.14239
-5.61654 2.55731 -4.25905
-5.50771 2.72261 -4.37164
-5.41178 2.87521 -4.48096
-5.32794 3.01579 -4.58768
-5.25532 3.14495 -4.69235
-5.193 3.26323 -4.79544
-5.14005 3.37113 -4.89729
-5.0955 3.46908 -4.99817
-5.05838 3.55744 -5.09829
-5.0277 3.63655 -5.19777
-5.00247 3.70667 -5.29666
-4.98172 3.76803 -5.39497
-4.96447 3.82082 -5.49263
-4.94975 3.86521 -5.58953
-4.93663 3.9013 -5.68551
-4.92416 3.9292 -5.78034
-4.91143 3.94899 -5.87377
-4.89756 3.96075 -5.96548
-4.88168 3.96454 -6.05512
-4.86297 3.96044 -6.1423
-4.84064 3.94852 -6.2266
-4.81393 3.92888 -6.30755
-4.78216 3.90163 -6.38467
-4.74469 3.86692 -6.45747
-4.70092 3.82493 -6.52543
-4.65035 3.77588 -6.58805
-4.59255 3.72003 -6.64482
-4.52715 3.65768 -6.69524
-4.45387 3.58919 -6.73887
-4.37252 3.51494 -6.77529
-4.28302 3.43537 -6.80413
-4.18533 3.35097 -6.82506
-4.07956 3.26223 -6.83787
-3.96585 3.16971 -6.84236
-3.84446 3.07395 -6.83848
-3.71571 2.97552 -6.82621
-3.57999 2.87499 -6.80565
-3.43776 2.77291 -6.77699
-3.28951 2.66982 -6.74049
-3.1358 2.56622 -6.69652
-2.97717 2.46257 -6.6455
-2.81423 2.35931 -6.58795
-2.64756 2.2568 -6.52444
-2.47774 2.15534 -6.4556
-2.30536 2.05519 -6.38208
-2.13095 1.95653 -6.3046
-1.95503 1.8595 -6.22388
-1.77809 1.76414 -6.14065
-1.60054 1.67048 -6.05564
-1.42279 1.57844 -5.96961
-1.24517 1.48794 -5.88325
-1.06796 1.39883 -5.79727
-0.891406 1.31092 -5.71235
-0.715686 1.22398 -5.62911
-0.540936 1.13777 -5.54817
-0.367242 1.05201 -5.47011
-0.194644 0.966402 -5.39547
-0.0231421 0.880631 -5.32474
0.147305 0.794374 -5.25841
0.316772 0.707295 -5.19691
0.485367 0.619054 -5.14065
0.653225 0.529302 -5.09003
0.820506 0.437687 -5.04539
0.987391 0.34385 -5.0071
1.15408 0.247429 -4.97546
1.32077 0.148056 -4.9508
1.4877 0.0453545 -4.93343
1.65509 -0.061061 -4.92364
1.82316 -0.171587 -4.92174
1.99214 -0.286636 -4.92802
2.16225 -0.406638 -4.94279
2.33371 -0.532042 -4.96635
2.50671 -0.663327 -4.99901
2.68142 -0.801 -5.0411
2.85801 -0.945601 -5.09294
3.0366 -1.09771 -5.15487
3.21726 -1.25796 -5.2272
3.40003 -1.42702 -5.31029
3.5849 -1.60564 -5.40445
3.77177 -1.79459 -5.50999
3.96046 -1.99474 -5.6272
4.1507 -2.20702 -5.75633
4.34207 -2.43244 -5.89756
4.53404 -2.67206 -6.05102
4.72587 -2.92703 -6.21671
4.91663 -3.19855 -6.3945
5.10512 -3.48787 -6.5841
5.28986 -3.7963 -6.78498
5.46901 -4.1251 -6.99631
5.64034 -4.47553 -7.21693
5.80113 -4.84872 -7.44526
5.94815 -5.24563 -7.67917
6.07755 -5.66694 -7.91594
6.18486 -6.11293 -8.15212
6.26489 -6.58327 -8.38345
6.31176 -7.07693 -8.60475
6.3189 -7.59187 -8.8099
6.27918 -8.12489 -8.99176
6.18503 -8.67134 -9.14227
6.02876 -9.22497 -9.25257
5.80291 -9.77777 -9.31331
5.50083 -10.3199 -9.31503
5.11726 -10.84 -9.24881
4.64903 -11.3253 -9.10696
4.09584 -11.7623 -8.88392
3.46076 -12.1377 -8.57711
2.75071 -12.4393 -8.1877
1.97644 -12.6571 -7.72107
1.15219 -12.7843 -7.18698
0.294887 -12.8178 -6.59914
-0.576961 -12.7588 -5.97437
-1.4446 -12.6126 -5.33135
-2.29031 -12.3874 -4.68917
-3.09843 -12.094 -4.06589
-3.85612 -11.7441 -3.47735
-4.55362 -11.3497 -2.93632
-5.18428 -10.9219 -2.45204
-5.74421 -10.4701 -2.03022
-6.23187 -10.0025 -1.67324
-6.64755 -9.52521 -1.3806
-6.99297 -9.04311 -1.1495
-7.27088 -8.55971 -0.975345
-7.48475 -8.0776 -0.852344
-7.63856 -7.59871 -0.773955
-7.73669 -7.12459 -0.733312
-7.78375 -6.65651 -0.723566
-7.78452 -6.19565 -0.738147
-7.74391 -5.74309 -0.770978
-7.66681 -5.29989 -0.816607
-7.55814 -4.86706 -0.870305
-7.42268 -4.44551 -0.928103
-7.26507 -4.03607 -0.986796
-7.08975 -3.63945 -1.04391
-6.90087 -3.25622 -1.09766
-6.70232 -2.88678 -1.14685
-6.49763 -2.53141 -1.19082
-6.29002 -2.19021 -1.22935
-6.08233 -1.86315 -1.26255
-5.87706 -1.55008 -1.29081
-5.67637 -1.25073 -1.31473
-5.48211 -0.964733 -1.33501
-5.29582 -0.691637 -1.35244
-5.11875 -0.430926 -1.36784
-4.95191 -0.182028 -1.38201
-4.79609 0.0556697 -1.39575
-4.65187 0.28281 -1.40978
-4.51967 0.500056 -1.42477
-4.39976 0.708083 -1.44133
-4.29229 0.907569 -1.46
-4.19731 1.09919 -1.48126
-4.11478 1.28362 -1.50551
-4.04461 1.4615 -1.53312
-3.98666 1.63349 -1.56441
-3.94076 1.80018 -1.59965
-3.90671 1.96219 -1.63909
-3.88429 2.12007 -1.68295
-3.87331 2.27436 -1.73146
-3.87355 2.42559 -1.7848
-3.88481 2.57423 -1.84319
-3.90689 2.72072 -1.90685
-3.93963 2.86549 -1.976
-3.98286 3.00891 -2.0509
-4.03644 3.15133 -2.13181
-4.10024 3.29305 -2.21904
-4.17415 3.43434 -2.31293
-4.25806 3.57542 -2.41386
-4.35188 3.71645 -2.52224
-4.45552 3.85756 -2.63855
-4.56888 3.9988 -2.76327
-4.69185 4.14015 -2.89699
-4.82431 4.28153 -3.04031
-4.9661 4.42276 -3.19387
-5.117 4.56356 -3.3584
-5.27676 4.70353 -3.53462
-5.44501 4.84216 -3.72333
-5.62132 4.97874 -3.92533
-5.80509 5.11243 -4.14143
-5.99559 5.24215 -4.37244
-6.19186 5.36661 -4.61913
-6.39274 5.48426 -4.88221
-6.59677 5.59324 -5.16227
-6.80217 5.6914 -5.45973
-7.0068 5.77622 -5.77481
-7.20807 5.84483 -6.1074
-7.40296 5.89398 -6.457
-7.58791 5.92006 -6.82264
-7.75887 5.9191 -7.20274
-7.91124 5.8869 -7.59502
-8.03995 5.81905 -7.99638
-8.13951 5.7111 -8.40282
-8.20417 5.55878 -8.80939
-8.22809 5.35821 -9.21016
-8.20561 5.1062 -9.5983
-8.13157 4.80057 -9.96624
-8.00171 4.44049 -10.3059
-7.81304 4.02676 -10.6089
-7.56424 3.56205 -10.8674
-7.25594 3.05099 -11.0741
-6.89097 2.50017 -11.2231
-6.47432 1.91791 -11.3102
-6.01305 1.31384 -11.3333
-5.51589 0.698421 -11.2927
-4.99274 0.0823094 -11.1908
-4.45411 -0.524253 -11.0322
-3.91041 -1.11199 -10.8229
-3.37147 -1.67299 -10.5704
-2.84601 -2.20103 -10.2825
-2.34132 -2.6916 -9.96729
-1.86316 -3.14185 -9.63241
-1.41569 -3.55048 -9.28487
-1.00158 -3.91744 -8.93078
-0.622182 -4.24369 -8.57526
-0.277754 -4.53094 -8.22242
0.0323354 -4.78138 -7.87544
0.309381 -4.99752 -7.53665
0.555149 -5.18198 -7.20764
0.771712 -5.33744 -6.88942
0.961318 -5.4665 -6.58254
1.12628 -5.57163 -6.28716
1.26892 -5.65518 -6.0032
1.39146 -5.71931 -5.73039
1.49605 -5.76603 -5.46834
1.58467 -5.79719 -5.21657
1.6592 -5.81447 -4.97459
1.72132 -5.81943 -4.74189
1.77259 -5.81347 -4.51797
1.81438 -5.7979 -4.30237
1.84794 -5.7739 -4.09463
1.87437 -5.74257 -3.89435
1.89465 -5.7049 -3.70115
1.90963 -5.6618 -3.51469
1.92004 -5.61412 -3.33464
1.92652 -5.56263 -3.16072
1.92961 -5.50803 -2.99265
1.92978 -5.45096 -2.83019
1.92743 -5.39202 -2.67309
1.92286 -5.33174 -2.52113
1.91636 -5.2706 -2.3741
1.90814 -5.20904 -2.23179
1.89837 -5.14745 -2.09398
1.88718 -5.08619 -1.96048
1.87469 -5.02556 -1.83108
1.86096 -4.96585 -1.70558
1.84605 -4.9073 -1.58378
1.82998 -4.85013 -1.46548
1.81278 -4.79452 -1.35046
1.79445 -4.74063 -1.23853
1.77496 -4.68861 -1.12948
1.75431 -4.63857 -1.02309
1.73246 -4.59062 -0.919159
1.70937 -4.54484 -0.817474
1.685 -4.5013 -0.717824
1.6593 -4.46006 -0.619997
1.63222 -4.42118 -0.523781
1.6037 -4.3847 -0.428965
1.57368 -4.35066 -0.335336
1.54209 -4.31909 -0.242683
1.50887 -4.29003 -0.150797
1.47395 -4.2635 -0.0594676
1.43723 -4.23953 0.0315132
1.39865 -4.21816 0.122353
1.35812 -4.19943 0.213259
1.31555 -4.18337 0.304436
1.27084 -4.17003 0.396088
1.22388 -4.15946 0.488419
1.17458 -4.15173 0.581633
1.12282 -4.14689 0.675929
1.06847 -4.14503 0.77151
1.0114 -4.14624 0.868575
0.95148 -4.15062 0.967323
0.888552 -4.15829 1.06795
0.822459 -4.16936 1.17066
0.753027 -4.18399 1.27565
0.68007 -4.20233 1.38311
0.60339 -4.22456 1.49323
0.52277 -4.25088 1.60622
0.437976 -4.2815 1.72225
0.348756 -4.31665 1.84152
0.254835 -4.35659 1.96422
0.155915 -4.40159 2.09051
0.0516716 -4.45196 2.22059
-0.0582496 -4.50802 2.3546
-0.174234 -4.57011 2.49272
-0.296705 -4.63861 2.63508
-0.426123 -4.71391 2.78181
-0.562995 -4.79643 2.93301
-0.707875 -4.88661 3.08879
-0.861373 -4.98489 3.24918
-1.02416 -5.09176 3.4142
-1.19696 -5.2077 3.58382
-1.38058 -5.33318 3.75794
-1.57591 -5.4687 3.93641
-1.7839 -5.61472 4.11896
-2.0056 -5.77166 4.30523
-2.24216 -5.93991 4.49473
-2.4948 -6.11978 4.68679
-2.76485 -6.31145 4.88055
-3.0537 -6.51499 5.07492
-3.36283 -6.73025 5.2685
-3.69377 -6.95685 5.45956
-4.04804 -7.19407 5.64596
-4.42716 -7.44078 5.82507
-4.83251 -7.69538 5.9937
-5.26529 -7.95563 6.148
-5.7264 -8.21856 6.28341
-6.21621 -8.48032 6.39453
-6.73445 -8.73608 6.47513
-7.27992 -8.97986 6.51804
-7.85024 -9.20452 6.51527
-8.44153 -9.40164 6.45806
-9.04815 -9.56168 6.33713
-9.66241 -9.67411 6.14306
-10.2744 -9.72787 5.8668
-10.8721 -9.7119 5.50037
-11.4414 -9.61602 5.03774
-11.9667 -9.43192 4.47577
-12.4319 -9.15434 3.81511
-12.8214 -8.7822 3.06093
-13.1215 -8.3195 2.22335
-13.3218 -7.77576 1.31724
-13.4163 -7.16597 0.361547
-13.404 -6.50965 -0.621959
-13.2892 -5.82945 -1.61034
-13.0803 -5.14922 -2.58118
-12.789 -4.49207 -3.51415
-12.4288 -3.87854 -4.39207
-12.0135 -3.3253 -5.20152
-11.5559 -2.84441 -5.9329
-11.0674 -2.44309 -6.58015
-10.5569 -2.124 -7.14023
-10.032 -1.8858 -7.61253
-9.49798 -1.72388 -7.99835
-8.9593 -1.63119 -8.30042
-8.41931 -1.59894 -8.52262
-7.88089 -1.61739 -8.66966
-7.34662 -1.67643 -8.74695
-6.81894 -1.76609 -8.76044
-6.30019 -1.87699 -8.71645
-5.79261 -2.00062 -8.62154
-5.29827 -2.12955 -8.48241
-4.819 -2.25759 -8.30569
-4.35636 -2.37978 -8.09788
-3.91155 -2.49238 -7.86516
-3.48544 -2.59282 -7.61336
-3.07854 -2.67949 -7.34782
-2.69106 -2.7517 -7.0734
-2.32292 -2.80945 -6.79442
-1.97379 -2.85329 -6.51467
-1.64318 -2.88424 -6.23742
-1.33045 -2.90356 -5.96543
-1.03485 -2.91271 -5.70103
-0.755578 -2.91324 -5.44608
-0.491794 -2.90671 -5.20211
-0.242636 -2.89464 -4.97027
-0.00724363 -2.87845 -4.75143
0.215234 -2.85946 -4.5462
0.425627 -2.83886 -4.35497
0.624745 -2.81769 -4.17794
0.813369 -2.79686 -4.01517
0.992253 -2.77714 -3.86655
1.16212 -2.75918 -3.73193
1.32367 -2.74351 -3.61102
1.47757 -2.73056 -3.5035
1.62444 -2.72066 -3.40899
1.76491 -2.71407 -3.3271
1.89954 -2.71098 -3.2574
2.02888 -2.71154 -3.19946
2.15345 -2.71583 -3.15285
2.27373 -2.72393 -3.11714
2.39021 -2.73588 -3.09191
2.50329 -2.7517 -3.07678
2.6134 -2.77142 -3.07136
2.72091 -2.79505 -3.07529
2.82618 -2.82263 -3.08823
2.92952 -2.85417 -3.10988
3.03125 -2.88972 -3.13994
3.13165 -2.92935 -3.17814
3.23095 -2.97313 -3.22424
3.32938 -3.02117 -3.278
3.42715 -3.07358 -3.33922
3.52442 -3.13051 -3.40771
3.62133 -3.19213 -3.48327
3.71801 -3.25866 -3.56575
3.81453 -3.3303 -3.65497
3.91093 -3.40733 -3.75076
4.00724 -3.49002 -3.85297
4.10342 -3.57868 -3.96142
4.1994 -3.67366 -4.07592
4.29506 -3.77529 -4.19626
4.39022 -3.88398 -4.32222
4.48464 -4.00011 -4.45352
4.57801 -4.12409 -4.58985
4.66996 -4.25634 -4.73084
4.76003 -4.39727 -4.87606
4.84763 -4.54728 -5.02499
4.93213 -4.70674 -5.17703
5.01273 -4.876 -5.33145
5.08853 -5.05534 -5.48743
5.1585 -5.24496 -5.64398
5.22147 -5.44496 -5.79995
5.2761 -5.6553 -5.95403
5.32093 -5.8758 -6.1047
5.35434 -6.10608 -6.25025
5.37455 -6.34549 -6.38874
5.37969 -6.59315 -6.51802
5.36776 -6.84786 -6.6357
5.33673 -7.10804 -6.73921
5.28451 -7.37177 -6.82579
5.2091 -7.6367 -6.89256
5.10863 -7.90011 -6.93653
4.98143 -8.15883 -6.95475
4.82615 -8.40938 -6.94436
4.64191 -8.64796 -6.9027
4.42834 -8.87055 -6.82747
4.18569 -9.07308 -6.71684
3.91497 -9.25151 -6.5696
3.61792 -9.40207 -6.38524
3.29705 -9.52139 -6.16409
2.95558 -9.60671 -5.90732
2.5974 -9.65604 -5.61698
2.22683 -9.66826 -5.29594
1.84856 -9.64324 -4.94778
1.46734 -9.58182 -4.57665
1.08784 -9.4858 -4.1871
0.71439 -9.35787 -3.78388
0.350861 -9.2014 -3.37173
0.000496238 -9.02035 -2.95521
-0.334158 -8.81901 -2.53856
-0.651288 -8.60186 -2.12558
-0.949802 -8.37339 -1.71952
-1.22927 -8.13793 -1.32311
-1.48986 -7.89954 -0.938529
-1.7322 -7.66191 -0.567412
-1.95734 -7.42833 -0.210929
-2.16658 -7.20165 0.130173
-2.36141 -6.98425 0.455501
-2.54342 -6.77809 0.764956
-2.71425 -6.5847 1.05867
-2.87549 -6.40523 1.33695
-3.02869 -6.2405 1.60022
-3.17527 -6.09103 1.84902
-3.31658 -5.95705 2.0839
-3.45384 -5.83858 2.30546
-3.58813 -5.73544 2.51429
-3.72042 -5.64731 2.71097
-3.85157 -5.57369 2.89603
-3.98233 -5.51399 3.06996
-4.11334 -5.46753 3.2332
-4.24517 -5.43352 3.38613
-4.37827 -5.41113 3.52907
-4.51304 -5.39943 3.66225
-4.64979 -5.39747 3.78586
-4.78878 -5.40423 3.89999
-4.93015 -5.41864 4.00468
-5.07403 -5.43958 4.09987
-5.22044 -5.4659 4.18547
-5.36931 -5.49637 4.26129
-5.52053 -5.52976 4.32709
-5.67387 -5.56474 4.38255
-5.82901 -5.59999 4.42734
-5.98553 -5.63409 4.46105
-6.14291 -5.66564 4.48325
-6.30051 -5.69317 4.49351
-6.45757 -5.7152 4.49136
-6.6132 -5.73026 4.47639
-6.76642 -5.73687 4.44818
-6.9161 -5.73357 4.40639
-7.06104 -5.71898 4.35077
-7.19992 -5.69177 4.28116
-7.33138 -5.65073 4.19753
-7.454 -5.59477 4.09999
-7.56634 -5.52297 3.98883
-7.667 -5.43459 3.86452
-7.75464 -5.32912 3.72771
-7.82802 -5.20629 3.57926
-7.88604 -5.06605 3.42021
-7.92781 -4.90864 3.25175
-7.95265 -4.73457 3.07525
-7.96013 -4.54456 2.89217
-7.95012 -4.3396 2.70406
-7.92276 -4.12086 2.5125
-7.8785 -3.88969 2.31906
-7.81807 -3.64757 2.12525
-7.74246 -3.39609 1.93248
-7.65292 -3.13685 1.74204
-7.55089 -2.87147 1.55504
-7.43797 -2.60155 1.37238
-7.31591 -2.32859 1.19479
-7.18651 -2.05401 1.02277
-7.05162 -1.7791 0.856597
-6.9131 -1.50501 0.696382
-6.77275 -1.23275 0.542036
-6.63231 -0.963161 0.39331
-6.49344 -0.696944 0.24982
-6.35769 -0.434651 0.111066
-6.22647 -0.176695 -0.0235411
-6.1011 0.0766397 -0.154659
-5.98272 0.325182 -0.282992
-5.87239 0.568864 -0.409271
-5.77103 0.807704 -0.534245
-5.67942 1.0418 -0.658662
-5.59825 1.27129 -0.783266
-5.52813 1.49639 -0.908788
-5.46954 1.71732 -1.03594
-5.42292 1.93435 -1.16544
-5.3886 2.14775 -1.29795
-5.36687 2.35777 -1.43415
-5.35798 2.56468 -1.57472
-5.36208 2.76872 -1.7203
-5.37934 2.97009 -1.87157
-5.40982 3.16896 -2.0292
-5.45359 3.36546 -2.19388
-5.51064 3.55962 -2.3663
-5.58093 3.75142 -2.54721
-5.66435 3.94076 -2.73736
-5.76073 4.12742 -2.93753
-5.8698 4.31105 -3.14853
-5.99122 4.49117 -3.37122
-6.12449 4.66714 -3.60645
-6.26898 4.8381 -3.85509
-6.42389 5.00301 -4.118
-6.58818 5.16055 -4.39599
-6.76056 5.30913 -4.68985
-6.93943 5.44686 -5.0002
-7.12282 5.57148 -5.32755
-7.30837 5.68036 -5.67215
-7.49324 5.77049 -6.03395
-7.67406 5.83843 -6.41249
-7.84693 5.88035 -6.80678
-8.00735 5.89204 -7.21521
-8.15025 5.86899 -7.63541
-8.27 5.8065 -8.06411
-8.36055 5.69982 -8.49709
-8.41552 5.54439 -8.92905
-8.42848 5.33611 -9.35366
-8.39322 5.07163 -9.76357
-8.30413 4.74877 -10.1506
-8.15662 4.36686 -10.5062
-7.94758 3.92704 -10.8213
-7.67581 3.43257 -11.0876
-7.34237 2.88888 -11.2975
-6.95071 2.30354 -11.4449
-6.50674 1.68596 -11.5259
-6.0186 1.04695 -11.5386
-5.49614 0.398057 -11.4839
-4.95041 -0.249057 -11.365
-4.39291 -0.883361 -11.1873
-3.83486 -1.49501 -10.9577
-3.28662 -2.07577 -10.6845
-2.75718 -2.61928 -10.3761
-2.25386 -3.12108 -10.041
-1.7822 -3.57851 -9.68698
-1.34595 -3.99048 -9.32123
-0.947283 -4.35723 -8.94972
-0.586955 -4.67997 -8.57736
-0.26459 -4.96066 -8.20802
0.0210768 -5.20171 -7.84458
0.271952 -5.40583 -7.4891
0.490379 -5.57584 -7.14294
0.678961 -5.71457 -6.80692
0.840425 -5.82479 -6.48146
0.977509 -5.90915 -6.16664
1.09289 -5.97018 -5.86238
1.1891 -6.01024 -5.56844
1.26854 -6.03155 -5.28449
1.33341 -6.03617 -5.01018
1.38571 -6.02604 -4.74516
1.42724 -6.00293 -4.48907
1.45959 -5.96852 -4.24156
1.48418 -5.92435 -4.00235
1.50222 -5.87184 -3.77112
1.51476 -5.81232 -3.54763
1.5227 -5.74701 -3.33162
1.52678 -5.67703 -3.12287
1.52764 -5.60341 -2.92115
1.52576 -5.5271 -2.72624
1.52157 -5.44894 -2.53794
1.51538 -5.36971 -2.35603
1.50743 -5.29011 -2.18029
1.4979 -5.21075 -2.0105
1.48693 -5.13218 -1.84643
1.47457 -5.0549 -1.68783
1.46089 -4.97932 -1.53446
1.4459 -4.90581 -1.38606
1.42958 -4.83469 -1.24238
1.4119 -4.76624 -1.10313
1.39282 -4.70068 -0.968041
1.37228 -4.6382 -0.83683
1.35021 -4.57896 -0.709208
1.32655 -4.52309 -0.584885
1.30122 -4.47069 -0.463567
1.27412 -4.42185 -0.344958
1.24519 -4.37663 -0.228764
1.21432 -4.33509 -0.114687
1.18143 -4.29727 -0.00243466
1.14642 -4.26322 0.108287
1.1092 -4.23295 0.217769
1.06967 -4.2065 0.3263
1.02771 -4.1839 0.434164
0.983229 -4.16518 0.541644
0.9361 -4.15039 0.649017
0.886206 -4.13956 0.75656
0.833417 -4.13276 0.864541
0.777597 -4.13004 0.97323
0.7186 -4.13149 1.08289
0.656271 -4.13719 1.19377
0.59044 -4.14725 1.30614
0.520929 -4.16179 1.42024
0.44754 -4.18095 1.53632
0.370063 -4.20489 1.65462
0.288269 -4.23378 1.77537
0.201909 -4.26783 1.8988
0.11071 -4.30725 2.02514
0.014378 -4.35229 2.15461
-0.0874105 -4.40321 2.2874
-0.195009 -4.46031 2.42372
-0.308803 -4.5239 2.56374
-0.429217 -4.59433 2.70764
-0.556716 -4.67194 2.85556
-0.691809 -4.75714 3.00764
-0.835058 -4.85032 3.16397
-0.987078 -4.95192 3.32461
-1.14854 -5.06236 3.48959
-1.3202 -5.18209 3.65889
-1.50286 -5.31157 3.83239
-1.69742 -5.45124 4.00995
-1.90485 -5.60151 4.1913
-2.12621 -5.76277 4.37605
-2.36265 -5.93534 4.5637
-2.61541 -6.11948 4.75354
-2.88582 -6.31531 4.94469
-3.17529 -6.52281 5.136
-3.48527 -6.74174 5.32603
-3.81728 -6.97162 5.51298
-4.17282 -7.21161 5.69462
-4.55335 -7.46047 5.86825
-4.96019 -7.71643 6.03056
-5.39444 -7.97708 6.17761
-5.85684 -8.23927 6.30472
-6.34762 -8.49896 6.40638
-6.86627 -8.75109 6.47624
-7.41132 -8.98951 6.50707
-7.98006 -9.20686 6.49085
-8.56826 -9.39459 6.41883
-9.16988 -9.54307 6.28188
-9.77682 -9.64181 6.0708
-10.3788 -9.67988 5.77695
-10.9636 -9.64659 5.39291
-11.5168 -9.53228 4.91339
-12.023 -9.32939 4.33613
-12.4664 -9.03361 3.66275
-12.832 -8.64489 2.89941
-13.107 -8.16826 2.05708
-13.282 -7.6142 1.15128
-13.3523 -6.99832 0.201239
-13.3178 -6.34041 -0.77137
-13.1836 -5.66296 -1.7441
-12.9589 -4.98924 -2.69535
-12.6555 -4.34143 -3.6058
-12.2869 -3.73894 -4.45939
-11.8665 -3.19729 -5.24374
-11.4068 -2.72742 -5.95023
-10.9185 -2.33564 -6.57356
-10.4103 -2.02393 -7.11129
-9.88914 -1.79051 -7.56327
-9.36015 -1.63061 -7.93109
-8.82736 -1.53716 -8.21768
-8.29396 -1.50161 -8.42701
-7.76261 -1.51454 -8.56382
-7.2357 -1.56624 -8.63345
-6.71549 -1.64724 -8.64176
-6.20414 -1.74862 -8.5949
-5.70371 -1.86233 -8.49926
-5.21613 -1.98139 -8.3613
-4.7431 -2.09995 -8.18745
-4.28606 -2.21339 -7.98396
-3.84615 -2.31819 -7.75679
-3.4242 -2.41194 -7.51154
-3.02072 -2.49315 -7.25338
-2.63592 -2.56118 -6.98698
-2.26977 -2.61604 -6.71652
-1.92201 -2.65826 -6.44567
-1.59219 -2.68878 -6.17757
-1.27974 -2.7088 -5.91493
-0.983977 -2.71968 -5.65997
-0.70416 -2.72287 -5.41454
-0.439495 -2.71983 -5.18008
-0.189167 -2.71198 -4.95773
0.0476483 -2.70063 -4.74834
0.271773 -2.68703 -4.5525
0.484016 -2.67227 -4.37059
0.685172 -2.65732 -4.2028
0.876014 -2.64303 -4.04917
1.05729 -2.63011 -3.90964
1.22972 -2.61916 -3.78401
1.39401 -2.61067 -3.67204
1.55081 -2.60505 -3.5734
1.70078 -2.6026 -3.48775
1.84451 -2.60358 -3.41468
1.98259 -2.60816 -3.3538
2.11558 -2.6165 -3.3047
2.24398 -2.62869 -3.26696
2.36829 -2.64482 -3.24018
2.48898 -2.66495 -3.22397
2.60648 -2.68912 -3.21795
2.72119 -2.71739 -3.22176
2.83348 -2.7498 -3.23507
2.94371 -2.78643 -3.25756
3.05219 -2.82733 -3.28894
3.15921 -2.87259 -3.32893
3.26505 -2.92233 -3.37728
3.36992 -2.97667 -3.43377
3.47404 -3.03576 -3.49816
3.57758 -3.09979 -3.57027
3.68068 -3.16897 -3.64989
3.78345 -3.24352 -3.73685
3.88595 -3.32372 -3.83097
3.98822 -3.40987 -3.93206
4.09025 -3.50228 -4.03994
4.19198 -3.60131 -4.1544
4.29328 -3.70734 -4.27524
4.394 -3.82077 -4.4022
4.49389 -3.94202 -4.535
4.59264 -4.07154 -4.67331
4.68986 -4.20975 -4.81675
4.78506 -4.35713 -4.96487
4.87766 -4.51408 -5.11712
4.96695 -4.68104 -5.27286
5.05211 -4.85836 -5.43134
5.13217 -5.04636 -5.59168
5.20604 -5.24527 -5.75282
5.27244 -5.45522 -5.91355
5.32995 -5.67617 -6.07246
5.37697 -5.90794 -6.22793
5.41174 -6.15011 -6.3781
5.43235 -6.40202 -6.52088
5.43673 -6.6627 -6.65396
5.42273 -6.93084 -6.77474
5.3881 -7.20473 -6.88043
5.33059 -7.48227 -6.96804
5.24801 -7.7609 -7.03443
5.13832 -8.03759 -7.07638
4.99974 -8.30891 -7.09069
4.83084 -8.57101 -7.07428
4.63073 -8.81974 -7.02434
4.3991 -9.05071 -6.93846
4.13637 -9.2595 -6.81478
3.84378 -9.44177 -6.65215
3.52341 -9.5935 -6.45025
3.17822 -9.71117 -6.20968
2.81192 -9.79197 -5.93201
2.42891 -9.83398 -5.61976
2.03408 -9.8363 -5.27634
1.63261 -9.79911 -4.9059
1.22973 -9.72365 -4.51318
0.830466 -9.61222 -4.10324
0.439441 -9.46801 -3.68132
0.0606767 -9.29491 -3.25253
-0.302525 -9.09735 -2.82172
-0.647662 -8.88006 -2.39331
-0.973041 -8.64787 -1.97117
-1.27775 -8.40551 -1.55854
-1.56156 -8.15748 -1.15808
-1.82487 -7.90793 -0.771819
-2.06854 -7.66056 -0.401221
-2.29382 -7.4186 -0.047262
-2.50219 -7.18476 0.289512
-2.69529 -6.9613 0.608909
-2.87485 -6.74999 0.911018
-3.04258 -6.55216 1.19615
-3.20015 -6.36877 1.46476
-3.34912 -6.20044 1.71742
-3.49095 -6.04748 1.95478
-3.62698 -5.90995 2.1775
-3.75841 -5.78769 2.38627
-3.88629 -5.68036 2.58176
-4.01156 -5.58747 2.7646
-4.13503 -5.50842 2.93538
-4.25738 -5.44249 3.09466
-4.37921 -5.38889 3.24291
-4.50101 -5.34675 3.38057
-4.62317 -5.31516 3.50799
-4.74601 -5.29316 3.62549
-4.86978 -5.27974 3.73329
-4.99464 -5.27387 3.83156
-5.12069 -5.27447 3.92042
-5.24794 -5.28047 3.99992
-5.37637 -5.29075 4.07005
-5.50585 -5.30415 4.13075
-5.63619 -5.31953 4.18194
-5.76714 -5.33571 4.22346
-5.89835 -5.35149 4.25515
-6.0294 -5.36568 4.27682
-6.15979 -5.37708 4.28825
-6.28895 -5.38448 4.28925
-6.41621 -5.3867 4.27961
-6.54082 -5.38258 4.25917
-6.66199 -5.37099 4.22778
-6.77882 -5.35085 4.18538
-6.8904 -5.32116 4.13193
-6.99575 -5.28098 4.06753
-7.09388 -5.22949 3.99231
-7.18379 -5.16597 3.90656
-7.26452 -5.08986 3.81065
-7.33511 -5.00072 3.70507
-7.39473 -4.89828 3.59044
-7.44258 -4.78244 3.46748
-7.47804 -4.65328 3.33703
-7.50058 -4.51105 3.2
-7.50988 -4.35617 3.0574
-7.50575 -4.18922 2.91027
-7.48823 -4.01092 2.7597
-7.45753 -3.82213 2.60678
-7.41405 -3.62381 2.45255
-7.3584 -3.41701 2.29803
-7.29132 -3.20283 2.14415
-7.21375 -2.98238 1.99176
-7.12673 -2.7568 1.84158
-7.03143 -2.52721 1.69421
-6.92908 -2.29466 1.55012
-6.821 -2.06016 1.40965
-6.7085 -1.82464 1.273
-6.59294 -1.58894 1.14022
-6.47563 -1.3538 1.01128
-6.35787 -1.11987 0.886007
-6.24089 -0.887677 0.764146
-6.12588 -0.65767 0.645359
-6.01393 -0.430184 0.52924
-5.90608 -0.205467 0.415329
-5.80327 0.0163215 0.303123
-5.70637 0.2351 0.192093
-5.61616 0.450859 0.0816863
-5.53335 0.66365 -0.0286579
-5.45857 0.873579 -0.139508
-5.3924 1.0808 -0.251431
-5.33534 1.28549 -0.364995
-5.28785 1.48788 -0.480761
-5.25033 1.68819 -0.599289
-5.22315 1.88667 -0.721136
-5.20665 2.08359 -0.846861
-5.20113 2.27918 -0.977025
-5.20686 2.47368 -1.1122
-5.2241 2.66732 -1.25296
-5.25308 2.86029 -1.39992
-5.29403 3.05275 -1.5537
-5.34713 3.24483 -1.71495
-5.41255 3.43657 -1.88437
-5.49044 3.62799 -2.06267
-5.58091 3.819 -2.25064
-5.68401 4.00943 -2.44909
-5.79975 4.19899 -2.6589
-5.92806 4.38728 -2.88099
-6.06875 4.57372 -3.11632
-6.22153 4.75757 -3.36592
-6.38596 4.93785 -3.63082
-6.56137 5.11337 -3.91208
-6.74688 5.28262 -4.21074
-6.9413 5.44378 -4.52779
-7.14309 5.59465 -4.86413
-7.35031 5.7326 -5.22049
-7.5605 5.85455 -5.59739
-7.77065 5.95691 -5.99497
-7.97711 6.03555 -6.41295
-8.17553 6.08582 -6.85042
-8.3608 6.10256 -7.30576
-8.52706 6.08014 -7.77638
-8.66773 6.01264 -8.25863
-8.77559 5.89401 -8.74764
-8.84298 5.71833 -9.23715
-8.86209 5.48021 -9.71957
-8.82535 5.1752 -10.186
-8.72595 4.8003 -10.6263
-8.55841 4.35448 -11.0299
-8.31926 3.83913 -11.3857
-8.00755 3.25843 -11.6834
-7.62538 2.61946 -11.9138
-7.1781 1.93213 -12.0699
-6.67426 1.20871 -12.1472
-6.12519 0.463177 -12.1444
-5.54431 -0.289666 -12.0636
-4.94624 -1.03518 -11.9096
-4.34567 -1.75978 -11.6899
-3.75652 -2.45164 -11.4136
-3.19102 -3.10121 -11.0907
-2.6592 -3.70137 -10.7312
-2.16864 -4.24739 -10.3447
-1.72438 -4.73671 -9.93958
-1.3291 -5.16858 -9.52301
-0.983455 -5.54368 -9.10078
-0.686414 -5.86378 -8.67736
-0.435634 -6.13137 -8.25607
-0.22784 -6.34945 -7.83924
-0.0591408 -6.5213 -7.42851
0.0746962 -6.65036 -7.02493
0.178023 -6.74016 -6.62919
0.255134 -6.79419 -6.24173
0.310139 -6.8159 -5.86285
0.346862 -6.8087 -5.49277
0.368781 -6.77589 -5.13169
0.378988 -6.72065 -4.77977
0.38017 -6.64606 -4.43721
0.374615 -6.55506 -4.10415
0.364215 -6.45043 -3.78077
0.350499 -6.33479 -3.46719
0.334658 -6.21061 -3.16352
0.317582 -6.08015 -2.86981
0.299895 -5.94551 -2.58608
0.282 -5.80857 -2.31227
0.264109 -5.67104 -2.0483
0.246284 -5.53445 -1.79401
0.228467 -5.40012 -1.54918
0.210508 -5.26923 -1.31356
0.192193 -5.14277 -1.08683
0.173263 -5.0216 -0.868634
0.153433 -4.90642 -0.658583
0.132404 -4.79782 -0.456252
0.109873 -4.69627 -0.261187
0.085545 -4.60214 -0.0729156
0.0591333 -4.51572 0.109053
0.030365 -4.43722 0.285221
-0.00101814 -4.36679 0.456095
-0.0352598 -4.30454 0.622187
-0.0725902 -4.25054 0.784008
-0.113228 -4.20481 0.942062
-0.157382 -4.16736 1.09685
-0.205256 -4.13821 1.24886
-0.257051 -4.11734 1.39858
-0.312967 -4.10474 1.54646
-0.373209 -4.10042 1.69296
-0.437991 -4.10437 1.83851
-0.507538 -4.11662 1.98354
-0.582088 -4.1372 2.12844
-0.6619 -4.16616 2.2736
-0.747257 -4.20358 2.41937
-0.838466 -4.24955 2.56609
-0.935868 -4.30419 2.71408
-1.03984 -4.36763 2.86363
-1.15079 -4.44004 3.015
-1.26917 -4.52159 3.1684
-1.39551 -4.61249 3.32404
-1.53034 -4.71295 3.48206
-1.6743 -4.82319 3.64256
-1.82807 -4.94345 3.80559
-1.99238 -5.07394 3.9711
-2.16806 -5.21489 4.13901
-2.356 -5.36648 4.30909
-2.55716 -5.52886 4.48104
-2.7726 -5.70212 4.6544
-3.00343 -5.88625 4.82855
-3.25084 -6.08116 5.00267
-3.51607 -6.28656 5.17572
